0.38597702980041504
0.3799929618835449
0.3822295665740967
0.3789968490600586
0.3790006637573242
0.37499141693115234
0.3959958553314209
0.3778102397918701
0.5030035972595215
0.399003267288208
0.3840055465698242
0.38158226013183594
0.38402748107910156
0.37300729751586914
0.3940095901489258
0.3760111331939697
0.3850224018096924
0.39099955558776855
0.38498950004577637
0.3859884738922119
0.37897539138793945
0.3809998035430908
0.38698863983154297
0.3799769878387451
0.3779890537261963
0.3769965171813965
0.3859846591949463
0.391024112701416
0.3848865032196045
0.38395261764526367
0.38698410987854004
0.38172173500061035
0.38102293014526367
0.38100671768188477
0.38201403617858887
0.3749997615814209
0.38698315620422363
0.37702250480651855
0.3989138603210449
0.3850090503692627
0.3809659481048584
0.38099241256713867
0.38299989700317383
0.3889927864074707
0.38499879837036133
0.3789999485015869
0.38901519775390625
0.3834085464477539
0.3799867630004883
0.3889803886413574
