0.6770384311676025
0.6770069599151611
0.6940126419067383
0.6840198040008545
0.6769979000091553
0.6843507289886475
0.6979889869689941
0.6800177097320557
0.6780269145965576
0.6840081214904785
0.6919825077056885
0.6909885406494141
0.6770062446594238
0.6770622730255127
0.6859335899353027
0.6813819408416748
0.6740016937255859
0.6770126819610596
0.6849827766418457
0.6889815330505371
0.6840028762817383
0.675978422164917
0.6959912776947021
0.6749858856201172
0.6799130439758301
0.6710693836212158
0.6840431690216064
0.6839954853057861
0.6819815635681152
0.6713905334472656
0.7019824981689453
0.6796693801879883
0.6840064525604248
0.6720352172851562
0.6849908828735352
0.680889368057251
0.6830039024353027
0.6929941177368164
0.7019824981689453
0.6810195446014404
0.6830060482025146
0.6830675601959229
0.6889994144439697
0.6809732913970947
0.677016019821167
0.673987627029419
0.6959912776947021
0.6900155544281006
0.695000171661377
0.6809759140014648
